33992 1257     -11.42 -0.67 -1.12 -0.1 0.03 0.95 -1.35 -0.24 -2.34 5.82 2 18.58
34049 1241     -4.45 3.4 -4.27 -0.13 0.05 0.95 -1.35 -0.23 -2.34 7.75 3.27 18.1
34106 1262     -0.14 14.25 -11.85 -0.14 0.11 1.01 -1.33 -0.22 -2.33 7.91 6.17 18.17
34163 1311     1.93 16.26 -12.71 -0.1 0.11 0.96 -1.3 -0.23 -2.29 5.69 6.45 18.86
34220 1209     3.67 1.56 1.97 -0.08 0.07 0.97 -1.29 -0.24 -2.27 4.54 4.09 19.28
34277 1309     -6.12 1.13 0.11 -0.09 0.1 0.93 -1.28 -0.24 -2.27 5.41 6.03 19.24
34334 1238     -4.03 4.41 -1.44 -0.08 0.11 0.93 -1.26 -0.25 -2.26 5.11 6.53 19.75
34391 1278     2.83 11.72 -2.06 -0.08 0.1 0.95 -1.26 -0.25 -2.25 4.61 5.83 19.61
34448 1266     9.79 8.36 -1.08 -0.08 0.08 0.97 -1.25 -0.24 -2.25 4.69 4.88 19.48
34504 1264     9.12 5.96 0.67 -0.06 0.07 0.97 -1.26 -0.24 -2.26 3.7 4.06 19.25
34562 1303     5.6 2.34 -0.87 -0.07 0.07 0.98 -1.26 -0.23 -2.27 4.21 4.22 18.92
34619 1291     2 -1.14 0 -0.05 0.06 0.97 -1.26 -0.25 -2.27 2.99 3.59 19.76
34733 1325     3.39 0.4 5.41 -0.06 0.06 0.95 -1.25 -0.23 -2.25 3.42 3.44 19.17
34789 1243     6.44 -0.91 4.99 -0.1 0.05 0.95 -1.25 -0.24 -2.25 6.05 2.74 19.62
34846 1215   4.65 3.65 -0.03 -0.06 0.04 0.97 -1.26 -0.22 -2.27 3.66 2.18 18.5
34904 1242     0.45 4.14 8.7 -0.06 0.04 0.99 -1.27 -0.22 -2.27 3.72 2.19 18.27
34960 1260     -15 -0.1 11.04 -0.04 0.02 1.03 -1.26 -0.22 -2.27 2.36 1.26 18.42
35017 1283       -22.4 -0.06 0.05 0.94 -1.2 -0.21 -2.22 3.59 3.09 18.56
35074 1242     -12.08 6.82 -2.56 -0.08 0.08 0.89 -1.12 -0.2 -2.15 4.86 5.33 18.94
35131 1270     -5.01 4.46 -1.56 -0.04 0.09 0.94 -1.08 -0.21 -2.1 2.16 5.72 19.39
35188 1227     0.58 -4.52 2.05 -0.02 0.07 0.91 -1.06 -0.2 -2.08 1.44 4.48 19.22
35245 1276   -0.58 -4.6 2.27 -0.06 0.08 0.99 -1.08 -0.21 -2.1 3.33 4.75 19.38
35302 1331     -9.06 3.49 -3.31 -0.01 0.08 0.97 -1.06 -0.21 -2.08 0.47 4.97 19.77
35416 1276     2.67 -1.05 1.72 -0.06 0.07 0.96 -1.05 -0.21 -2.07 3.83 4.39 20.12
35473 1270     6.69 -3.98 2.14 -0.07 0.11 1 -1.06 -0.2 -2.09 3.73 6.26 19.02
35529 1250     9.14 -2.82 6.35 -0.07 0.06 0.99 -1.08 -0.21 -2.11 3.87 3.55 19.3
35587 1321      7.45  - -0.05 0.06 0.98 -1.11 -0.19 -2.13 2.62 3.34 18.26
35 1210     6.62 -4.28 9.5 -0.09 0.04 0.97 -1.11 -0.19 -2.13 5.5 2.47 18.11
35700 1272     4.09 -2.81 3.38 -0.07 0.06 0.97 -1.12 -0.18 -2.14 3.93 3.47 17.82
35758 1263     4.22 -2.7 6.72 -0.08 0.06 0.94 -1.12 -0.18 -2.15 4.73 3.71 17.68
35814 1279     3.21 -0.9 7.92 -0.08 0.06 0.96 -1.13 -0.17 -2.15 4.6 3.83 17.12
35871 1271        -0.1 0.04 0.96 -1.12 -0.17 -2.14 5.82 2.44 17.28
35929 1363     -4.18 0.43 6.41 -0.08 0.06 0.95 -1.1 -0.17 -2.12 5.02 3.32 17.32
35985 1374        -0.06 0.04 0.95 -1.09 -0.17 -2.1 3.85 2.31 17.47
36042 1232     0.97 0.51 3.5 -0.09 0.04 0.99 -1.09 -0.19 -2.11 4.97 2.5 18.19
36099 1279     0.4 2.64 5.87 -0.09 0.04 0.96 -1.1 -0.19 -2.11 5.3 2.65 18.29
36156 1329     3.32 2.35 2.46 -0.07 0.03 0.96 -1.11 -0.17 -2.12 4.05 2.04 17.43
36212 1293     2.31 1.23 4.44 -0.08 0 0.96 -1.13 -0.17 -2.13 4.78 0.12 17.19
36270 1270     -1.07 -1.42 1.19 -0.09 -0.02 0.94 -1.14 -0.17 -2.14 5.51 -1.19 16.99
36327 1316     -0.91 -2.1 -1.72 -0.09 0.03 0.95 -1.12 -0.19 -2.13 5.32 1.87 18.35
36383 1295     4.74 -1.15 -4.03 -0.08 0 0.96 -1.13 -0.17 -2.13 5.03 0.29 17.24
36441 124     5.3 0.96 -4.1 -0.08 0 0.96 -1.14 -0.18 -2.14 4.69 -0.17 17.34
36498 1312     3.75 1.65 -6.31 -0.09 0 0.98 -1.16 -0.18 -2.16 5.12 0.01 17.14
36612 1230     2.89 10.07 -3.59 -0.09 0.01 0.98 -1.14 -0.19 -2.14 5.04 0.46 18.16
36668 1336     8.65 -0.56 -4.06 -0.05 -0.05 0.97 -1.12 -0.19 -2.13 2.83 -2.91 17.99
36725 1269     10.96 -2.74 -7.11 -0.08 -0.01 0.99 -1.17 -0.17 -2.18 4.86 -0.62 16.85
36783 1341       4.03 -0.07 -0.02 0.96 -1.18 -0.16 -2.18 4.37 -0.93 16.37
36839 1267     3.37 -7.03 -5.36 -0.07 0 0.97 -1.19 -0.16 -2.19 4.23 -0.26 16.24
36896 1251     -3.9 1.78 -2.04 -0.06 -0.03 0.97 -1.2 -0.17 -2.21 3.6 -1.9 16.44
36954 1283     -4.24 4.83 -0.75 -0.07 -0.04 0.95 -1.18 -0.17 -2.18 4.16 -2.21 16.62
37010 1253     0.61 5.15 -2.63 -0.06 -0.03 0.97 -1.16 -0.16 -2.16 3.61 -1.71 16.44
37067 1250     5.43 -1.95 -5.07 -0.07 0 0.98 -1.15 -0.16 -2.18 3.99 0.03 16.52
37124 1366     3.93 5.15 -2.01 -0.07 -0.01 0.98 -1.16 -0.17 -2.18 4.13 -0.31 17.12
37238 1283     1.7 2.63 -1.59 -0.07 -0.01 0.99 -1.17 -0.15 -2.19 4.12 -0.82 15.65
37352 1352     1.53 -0.03 -1.36 -0.08 0 1 -1.15 -0.15 -2.18 4.35 -0.02 15.97
37408 1373     2.91 1.48 -0.68 -0.07 -0.01 0.95 -1.14 -0.14 -2.16 4.23 -0.6 15.48
37466 1314     4.44 0.25 -1.22 -0.08 -0.05 1 -1.14 -0.16 -2.15 4.51 -2.97 16.75
37523 1383     -3.19 8.33 2.22 -0.06 -0.04 1 -1.12 -0.15 -2.13 3.42 -2.25 16.34
37579 1315     -1.15 -4.2 1.54 -0.06 -0.05 1 -1.09 -0.14 -2.09 3.55 -3.1 15.82
37637 1416     -2.62 -8.67 2.67 -0.06 -0.05 0.99 -1.09 -0.14 -2.09 3.73 -2.94 15.67
37694 1     -2.4 -7.25 3.64 -0.09 -0.1 1.01 -1.11 -0.14 -2.11 5.14 -5.54 15.88
37808 1337     8.06 -4.41 0.25 -0.08 -0.08 0.95 -1.04 -0.14 -2.03 4.58 -4.98 16.02
37864 1389     7.79   -0.06 -0.07 0.96 -1.03 -0.15 -2.02 3.79 -4.12 16.83
37921 1368     12.93 -5.65 0.73 -0.12 -0.11 0.98 -1.02 -0.13 -1.97 6.87 -6.6 15.91
37979 1412         -0.07 -0.06 0.97 -1.03 -0.12 -1.99 3.96 -3.55 15.12
38035 1457     17.25 -17.42 5.27 -0.17 -0.19 0.96 -1.07 -0.11 -1.99 9.77 -11.08 14.73
38092 1515     14.43    -0.14 -0.13 0.95 -1.07 -0.11 -2.01 8.19 -7.59 14.29
38150 1476     16.4 -10.92 11.82 -0.15 -0.19 0.89 -1.07 -0.09 -2 9.52 -11.79 13.64
38206 1400    11.09 -2.89 7.57 -0.14 -0.16 0.93 -1.11 -0.09 -2.05 8.66 -9.96 12.98
38263 1454     8.1 -10.44 6.72 -0.14 -0.2 0.9 -1.09 -0.07 -2.02 8.5 -12.74 12.49
38321 1570     3.76 -5.6 3.75 -0.15 -0.17 0.95 -1.11 -0.09 -2.06 8.7 -10.21 12.99
38378 1501     1.63 7.92 -0.19 -0.15 -0.2 0.95 -1.08 -0.06 -2.02 8.61 -12.01 11.83
38434 1504     6.2 5.56 -3.26 -0.13 -0.19 0.96 -1.04 -0.06 -1.98 7.34 -11.42 12.05
38492 1527     14.67 -3.47 2.38 -0.1 -0.21 0.87 -1.02 -0.05 -1.95 6.11 -13.47 11.51
38549 1535     15.51 2.09 4.98 -0.15 -0.22 0.91 -1.06 -0.05 -1.99 9.24 -13.68 11.3
38605 1618     8.07 -0.31 -0.29 -0.12 -0.23 0.87 -1.06 -0.05 -2 7.55 -14.63 11.34
38663 1737        -0.15 -0.26 0.82 -1.05 -0.06 -1.97 9.78 -17.56 11.75
38720 1     1.5 -1.46 -5.8 -0.13 -0.2 0.85 -1.06 -0.06 -2 8.61 -13.42 11.71
38776 1423     -3.94 3.23 -1.96 -0.14 -0.25 0.84 -1.07 -0.04 -2 8.93 -16.42 10.78
38834 1409     -8.53 3.41 -8.9 -0.13 -0.23 0.85 -1.07 -0.05 -2.01 8.32 -15.34 11.17
38890 1517   -10.47 15.96 -9.87 -0.12 -0.23 0.86 -1.05 -0.05 -1.96 7.37 -15.15 11.54
38947 1592     -7.31 -4.92 -10.89 -0.16 -0.26 0.93 -1.05 -0.06 -1.98 9.54 -15.52 11.73
39005 1     -17.07 9.06 1.75 -0.18 -0.24 0.95 -1.09 -0.07 -2.03 10.57 -14.39 12.14
39062 1479     -17.75 18.19 2.99 -0.16 -0.22 1 -1.07 -0.07 -2.03 9.1 -12.61 12.58
39118 1515     -20.54 -0.86 4.66 -0.15 -0.21 1 -1.03 -0.08 -2.03 8.49 -11.87 12.87
39176 1509     -15.85 1.74 4.94 -0.14 -0.18 1.02 -1.03 -0.08 -2.03 7.87 -10 13.31
39233 1     -15.44 0.92 6.02 -0.14 -0.17 0.99 -0.99 -0.08 -2 7.97 -9.66 13.29
39289 1456     -8.28 -4.87 10.83 -0.12 -0.12 0.97 -0.98 -0.1 -1.97 6.95 -6.99 14.55
39347 1529     -4.1 -6.14 17.14 -0.12 -0.13 0.94 -0.98 -0.08 -1.98 7.39 -8.03 13.1
39404 1449     -2.69 0.87 17.25 -0.12 -0.12 0.95 -0.99 -0.08 -1.99 7.01 -7.36 13.32
39460      -5.42 2.66 12.8 -0.09 -0.13 0.96 -0.98 -0.08 -1.99 5.25 -7.94 13.34
39518 1     -2.53 0.2 10.46 -0.08 -0.12 0.94 -0.97 -0.08 -1.97 5.11 -7.07 13.36
39575 1430   3.49 -8.69 9.45 -0.05 -0.12 0.96 -1 -0.09 -2.01 3.17 -7 13.51
39631 1373     6.24 -11.02 9.14 -0.06 -0.15 0.94 -1.04 -0.08 -2.04 3.38 -9.01 13.26
39689 141     4.87 -12.27 8.61 -0.07 -0.13 0.97 -1.12 -0.09 -2.13 3.92 -7.75 13.39
39745 1364     -1.05 -3.8 1.26 -0.06 -0.15 1 -1.17 -0.1 -2.19 3.63 -8.77 13.23
39802 1385        -0.06 -0.13 0.93 -1.2 -0.1 -2.2 3.92 -7.97 13.33
39860 1457     -2.37 -11.83 -3.09 -0.1 -0.13 0.96 -1.23 -0.11 -2.23 5.71 -7.58 13.57
39916 1445     -1.92 -1.56 -7.9 -0.09 -0.14 0.95 -1.28 -0.12 -2.28 5.21 -8.1 13.97
39973 1     1.72 -4.59 -3.15 -0.1 -0.15 0.96 -1.3 -0.12 -2.29 5.85 -9.14 13.83
40031 1273     -0.35 -13.76 -6.62 -0.14 -0.16 0.94 -1.32 -0.12 -2.3 8.2 -9.53 13.69
40087 1359     -10.7 -8.92 -4.65 -0.12 -0.16 0.98 -1.33 -0.11 -2.33 6.67 -9.36 13.5
40144 1     -14.44 -8.59 -7.35 -0.16 -0.1 0.95 -1.33 -0.12 -2.33 9.77 -6.23 13.76
40202 1407     -8.42 -8.08 -8.59 -0.16 -0.13 0.96 -1.31 -0.12 -2.32 9.24 -7.48 13.63
40258      0.1 -15.51 -6.32 -0.21 -0.12 0.97 -1.31 -0.12 -2.29 12.22 -6.98 13.83
40315 1440     -1.91 -7.6 -6.69 -0.2 -0.13 0.98 -1.31 -0.12 -2.3 11.51 -7.35 13.64
40373 1380   -8.86 -0.67 -7.6 -0.19 -0.1 0.95 -1.3 -0.12 -2.28 11.51 -6.03 13.69
40429 1385     -4.82 -0.72 -6.84 -0.23 -0.09 0.91 -1.26 -0.11 -2.24 14.38 -5.4 13.48
40486 1     -1.58   -0.21 -0.09 0.94 -1.26 -0.12 -2.24 12.71 -5.58 14.07
40544 1364     -4.59 -7.6 -10.99 -0.26 -0.1 0.93 -1.26 -0.12 -2.24 15.62 -6.16 14.03
40600 1     -4.5 -5.66 -16.46 -0.27 -0.09 0.94 -1.27 -0.11 -2.25 15.85 -5.18 13.66
40657 1298     -4.92 0.6 -12.99 -0.29 -0.07 0.95 -1.28 -0.12 -2.26 16.86 -4.39 14.04
40715 1507     1.26 5.38 -13.16 -0.27 -0.07 0.96 -1.26 -0.12 -2.24 15.7 -3.94 14.02
40771 1386     7.77 -1.31 -12.11 -0.29 -0.07 0.97 -1.27 -0.12 -2.24 16.43 -4.2 14.2
40828 1     8.65 5.9 -11.86 -0.28 -0.09 0.94 -1.27 -0.12 -2.26 16.75 -5.32 14.01
1420      10.22 8.8 -8.51 -0.27 -0.09 0.94 -1.28 -0.13 -2.27 16.13 -5.31 14.29
40942 1348         -0.29 -0.1 0.92 -1.28 -0.12 -2.27 17.5 -6.27 14.04
40999 1477     5.85 12.42 -6.74 -0.27 -0.1 0.94 -1.29 -0.12 -2.28 16.02 -6.09 13.73
41057 1405     2.52 15.15 -6.15 -0.25 -0.1 0.92 -1.28 -0.12 -2.28 15.05 -6.33 13.84
41114 1350     3.98 23.27 -4.12 -0.24 -0.11 0.94 -1.26 -0.12 -2.27 13.97 -6.8 14.03
41170 1421     3.46 19.56 -3.08 -0.2 -0.11 0.93 -1.24 -0.12 -2.25 11.94 -6.88 14.15
41228 1406     6.05 22.28 -0.58 -0.19 -0.13 0.95 -1.23 -0.11 -2.26 11.11 -7.58 13.82
41285 1410     2.04 22.2 2.14 -0.16 -0.12 0.95 -1.22 -0.11 -2.26 9.71 -7.07 13.74
41342 1436        -0.14 -0.13 0.95 -1.21 -0.1 -2.26 8.55 -7.61 13.41
41399 1446     -2.35 16.4 6.04 -0.12 -0.14 0.96 -1.21 -0.11 -2.27 7.18 -8.05 13.69
41456 1365   -1.36 8.93 3.54 -0.11 -0.13 0.93 -1.2 -0.11 -2.27 6.53 -8.13 13.65
41513 1369     -1.64 22.33 4.54 -0.09 -0.13 0.97 -1.2 -0.11 -2.28 5.31 -7.66 13.7
41570 1305     1 27.2 5.52 -0.08 -0.13 0.95 -1.18 -0.11 -2.27 4.65 -7.85 14.11
41627 1376     0.53 45.5 8.04 -0.05 -0.13 0.97 -1.18 -0.11 -2.28 2.84 -7.45 13.95
41684 1351     4.4 39.76 10.33 0 -0.14 0.96 -1.14 -0.11 -2.27 0.12 -8.48 14.26
41741 1     4.84 25.46 13.35 -0.03 -0.14 0.96 -1.14 -0.1 -2.28 1.55 -8.26 13.78
41798 1424        -0.01 -0.13 0.95 -1.15 -0.11 -2.3 0.85 -7.73 14.21
41856 1425     -4.92 27.55 17.81 0.01 -0.13 0.95 -1.14 -0.11 -2.31 -0.82 -8.03 14.05
41912 1398     -7.95 23.24 15.67 0.06 -0.13 0.97 -1.09 -0.12 -2.26 -3.26 -7.84 14.76
41969 1371     -5.89 -4.06 14.88 0.06 -0.12 0.96 -1.02 -0.11 -2.2 -3.82 -7.13 14.77
42027 1448     1.62 -23.97 18.16 0.09 -0.12 0.93 -1.01 -0.11 -2.18 -5.25 -7.22 14.57
42083 1342     2.5 -28.01 18.18 0.04 -0.15 0.98 -1.03 -0.1 -2.2 -2.29 -8.48 14.31
42140 1397     0.5 -24.75 16.03 0.05 -0.16 0.94 -1.04 -0.09 -2.18 -2.88 -9.42 13.7
42198 1386     -0.74 -27.83 10.34 0.08 -0.19 0.92 -1.02 -0.09 -2.15 -4.78 -11.65 13.68
42255 1326     -6.69 -31.97 8.19 0.08 -0.15 0.91 -1.06 -0.09 -2.2 -5.24 -9.18 13.57
42311 1344     -11.54 -31.81 2.53 0.06 -0.13 0.87 -1.09 -0.09 -2.23 -3.98 -8.66 13.12
42369 1357     -16.8 -23.74 0.83 0.01 -0.07 0.93 -1.14 -0.08 -2.3 -0.45 -4.59 12.8
42426 1202     -12.22 -14.11 -1.66 -0.03 -0.09 0.93 -1.13 -0.11 -2.29 2.01 -5.67 14.24
42482 1     -8.22 -14.73 -1.77 -0.02 -0.06 0.93 -1.16 -0.1 -2.31 0.93 -3.5 13.45
42540 1353     -8.2 -15.35 -0.62 -0.05 -0.06 0.95 -1.18 -0.12 -2.33 3.04 -3.84 14.19
42597 1241     -10.61 -4.63 -2.47 -0.05 -0.02 0.98 -1.22 -0.1 -2.36 2.75 -1.11 13.51
42653 1300     -8.3 -5.28 -0.28 -0.07 -0.01 0.97 -1.23 -0.1 -2.38 4.25 -0.81 13.2
42768 1341     2.35 3.89 8.22 -0.09 -0.04 0.98 -1.26 -0.12 -2.43 5.49 -2.36 14.17
42824 1     3.4 8.53 4.29 -0.11 -0.08 1 -1.27 -0.09 -2.46 6.11 -4.34 12.45
42882 1301     -3.02 11.52 2.88 -0.08 -0.11 1.02 -1.27 -0.1 -2.45 4.43 -6.02 12.91
42939 1323     -13.61 15.41 3.2 -0.09 -0.1 1.12 -1.26 -0.11 -2.47 4.83 -5.17 13.4
42995 1150     -11.64 6.96 5.4 -0.14 -0.08 1.15 -1.25 -0.1 -2.47 6.79 -3.84 13.06
43053 1249     10.57 -4.28 8.99 -0.17 -0.07 1.11 -1.22 -0.1 -2.46 8.69 -3.61 13.11
43110 1265     19.42 -5.53 11.03 -0.12 -0.09 1.03 -1.22 -0.1 -2.46 6.8 -4.85 13.48
43166 1342     19.37 -5.02 9.86 -0.14 -0.07 0.99 -1.22 -0.08 -2.46 7.85 -3.97 12.18
43224 1317     6.53 5.28 7.37 -0.15 -0.11 1.03 -1.21 -0.07 -2.42 8.02 -6.33 11.73
43281 1357     3.01 4.17 6.62 -0.12 -0.1 0.95 -1.14 -0.07 -2.33 7.14 -6.14 11.95
43337 1370     11.46 0.48 15.08 -0.11 -0.11 0.94 -1.09 -0.07 -2.26 6.66 -6.81 12.46
43395 1288     7.93 -10.05 8.84 -0.1 -0.11 0.95 -1.09 -0.06 -2.25 5.79 -6.75 11.53
43452 1329     2.49 -12.99 3.52 -0.06 -0.09 0.85 -1.07 -0.06 -2.2 4.23 -6.08 11.74
43508 1363     -13.43 -13.97 2.61 -0.06 -0.1 0.73 -1.01 -0.06 -2.09 4.29 -7.67 11.77
43566 1387     -16.53 -18.95 0.77 -0.06 -0.05 0.71 -0.98 -0.05 -2.01 4.49 -4.1 11.77
43679 1451     -5.15 -0.39 2.4 -0.11 -0.07 0.86 -1 -0.08 -2.05 7.25 -4.92 12.89
43737 1     -6.25 -0.93 -0.92 -0.15 -0.11 0.98 -1.05 -0.09 -2.13 8.43 -6.6 13.26
43794 1305     -8.66 -0.32 -8.24 -0.11 -0.08 0.99 -1.11 -0.08 -2.21 6.43 -4.5 12.93
43908 1294     -9.98 -2.72 -4.35 -0.11 -0.05 1.01 -1.2 -0.12 -2.3 6.16 -2.89 14.49
44021 1331     -12.75 5.58 -0.44 -0.13 -0.04 1.02 -1.23 -0.12 -2.33 7.21 -2.23 13.98
44135 1259     1.65 1.97 -0.11 -0.11 -0.04 0.99 -1.21 -0.14 -2.33 6.42 -2.45 15.38
44192 1247     1.76 0.98 1.72 -0.12 -0.05 1.02 -1.23 -0.13 -2.36 6.6 -2.8 14.39
44250 1278     -0.83 6.07 -0.27 -0.08 -0.04 0.99 -1.22 -0.13 -2.36 4.63 -2.08 14.65
44306 1246     -3.05 6.67 0.2 -0.03 -0.04 1 -1.22 -0.15 -2.34 1.84 -2.52 15.43
44363 1276     -2.9 5.99 -5.41 -0.03 -0.05 0.98 -1.19 -0.12 -2.3 1.49 -3.15 14.49
44420 13     3.57 4.58 -10.33 0 -0.04 0.98 -1.16 -0.13 -2.27 0.11 -2.28 14.95
44477 1193     8.42 -1.77 -12.3 0.01 -0.04 0.98 -1.17 -0.15 -2.27 -0.72 -2.58 15.83
44534 1293     7.67 2.14 -17.94 -0.03 -0.08 0.99 -1.2 -0.14 -2.3 1.48 -4.73 15.4
44591 1325     1.3 -0.27 -19.36 0 -0.06 0.94 -1.2 -0.12 -2.3 0.18 -3.54 14.46
44648 1279     0.99 -0.54 -20.41 -0.06 -0.08 0.95 -1.21 -0.13 -2.32 3.86 -4.58 14.58
44705 1260     -3.89 9.65 -22.62 -0.04 -0.06 0.96 -1.21 -0.13 -2.32 2.38 -3.64 14.58
44762 1253    1.74 7.63 -17.33 -0.07 -0.07 0.94 -1.2 -0.16 -2.3 4.02 -4.45 16.16
44819 1293     6.48 8.69 -20.78 -0.09 -0.05 0.98 -1.21 -0.14 -2.32 5.14 -2.89 15.02
44876 1323     4.51 5.14 -11.87 -0.08 -0.05 0.92 -1.21 -0.13 -2.33 5.09 -3.15 14.94
44933 1264     -0.22 4.31 -11.44 -0.11 -0.05 0.94 -1.22 -0.13 -2.36 6.81 -3.14 14.84
44990      -2.52 -1.04 -9.63 -0.11 -0.03 0.92 -1.23 -0.12 -2.41 6.53 -1.96 14.27
45047 1223     -4.97 16.53 -16.97 -0.14 -0.07 0.96 -1.23 -0.12 -2.42 8.06 -4.17 14.37
45161 1307     -2.1 14.88 -22.42 -0.12 -0.05 0.96 -1.19 -0.12 -2.4 7.28 -2.78 14.19
45276 1280     -1.51 11.63 -2.36 -0.12 -0.03 0.99 -1.19 -0.12 -2.39 7.13 -1.77 14.45
45332 1319     0.12 4.05 6.47 -0.16 -0.04 1.03 -1.18 -0.11 -2.41 8.82 -1.98 13.9
45389 1255     -13.34 7.67 2.93 -0.14 -0.04 1.13 -1.15 -0.1 -2.43 6.88 -1.88 13.68
45503 1225     -19.18 0.95 -4.69 -0.06 -0.01 1.12 -0.92 -0.1 -2.2 3.22 -0.34 14.76
45560 1326     -5.61 -12.38 9 -0.07 -0.06 1.09 -0.84 -0.11 -2.05 3.71 -3.21 16.31
45618 1304     -0.16 -3.6 10.96 -0.17 0 1.09 -0.84 -0.11 -2.05 8.81 -0.17 16.36
45674 1278     9.44 -15.24 5.34 -0.03 -0.05 0.97 -0.84 -0.1 -2.06 1.88 -2.72 15.3
45731 1416     17.88 -9.96 14.31 -0.13 -0.04 0.96 -0.85 -0.11 -2.07 7.54 -2.58 16
45789 1392    20.7 -6.81 10.01 -0.04 -0.04 0.93 -0.87 -0.07 -2.1 2.23 -2.45 13.51
45845 1460     23.21 -1.96 17.42 -0.11 -0.11 0.88 -0.83 -0.08 -2.03 6.89 -7.16 14.25
45960 1     12.18 3.83 10.08 -0.09 -0.08 0.91 -0.82 -0.05 -2 5.47 -4.85 12.3
46016 1450     9.9 1.42 2.76 0.01 -0.08 0.88 -0.77 -0.04 -1.94 -0.47 -5.12 11.92
46073 1482     20.18 -10.36 6.4 -0.05 -0.09 0.88 -0.75 -0.03 -1.9 3.19 -5.88 11
46187 1663     11.64 -4.96 7.2 -0.12 -0.13 0.84 -0.77 -0.03 -1.92 8.29 -9.13 10.66
46244 1445     -1.33 29.39 6.39 -0.07 -0.19 0.84 -0.75 -0.01 -1.88 4.67 -13.08 9.71
46302 1469     4.67 -3.07 11.3 -0.16 -0.17 0.91 -0.73 -0.01 -1.89 9.89 -10.54 9.64
46415 1554     6.12 -5.51 6.2 -0.13 -0.21 1 -0.76 0 -1.93 7.18 -11.64 8.8
46472 1559     4.23 1.35 9.3 -0.14 -0.21 1 -0.78 -0.01 -1.95 7.79 -11.97 9.44
46529 1651     8.61 0.22 15.18 -0.12 -0.22 0.94 -0.77 0 -1.93 6.96 -12.88 8.9
46586 152     4.99 5.44 16.69 -0.13 -0.2 0.96 -0.78 0.01 -1.92 7.63 -11.95 8.19
46643 1389     5.74 -5.16 17.75 -0.03 -0.27 0.89 -0.78 0 -1.9 2.16 -16.95 8.43
46700       0.16 -8 23.04 -0.09 -0.23 0.94 -0.8 0 -1.92 5.24 -13.56 8.59
46757 1546     -1.88 -4.51 21.64 -0.05 -0.26 0.96 -0.79 0.01 -1.92 2.9 -15.43 8.18
46814 1     -1.17 -8.97 16.62 -0.08 -0.23 0.93 -0.78 0 -1.9 4.89 -13.97 8.41
46871 1565     1.06 -5.23 17.37 -0.05 -0.24 0.95 -0.78 0 -1.89 2.97 -13.97 8.89
46985 1688     -0.13 7.03 14.16 -0.04 -0.22 0.99 -0.75 0.02 -1.85 2.34 -12.38 6.96
47042 1574     7.08 -17.71 17 0.04 -0.29 0.84 -0.71 0.02 -1.79 -2.79 -18.9 7.35
47098 154     5.57 -18.75 21.81 -0.01 -0.27 0.94 -0.76 0.03 -1.85 0.46 -15.92 6.6
47156 1334     -3.38 -2.72 18.12 0.02 -0.28 0.93 -0.77 0.03 -1.87 -1.15 -16.9 5.99
47213 1259     -0.19 -6.02 11.64 -0.02 -0.24 0.93 -0.76 0.04 -1.86 1.42 -14.31 5.65
47269 1     7.49 -0.22 7.9 -0.01 -0.25 0.94 -0.76 0.04 -1.87 0.76 -15.04 5.38
47327 1422     18.17 -2.57 5.44 0 -0.26 0.9 -0.76 0.03 -1.88 0.29 -15.9 6.19
47440 1451     6.62 3.46 1.22 -0.01 -0.3 0.94 -0.85 0.06 -1.99 0.35 -17.85 4.87
47554 1580     -9.13 3.33 -7.3 0 -0.29 0.89 -0.82 0.05 -1.94 -0.12 -18.26 4.87
47611 1666     -7.09 9.71 -7 -0.01 -0.3 0.88 -0.8 0.04 -1.9 0.43 -18.71 5.79
47669 1     -7.89 3.5 -9.35 -0.04 -0.29 0.87 -0.79 0.03 -1.89 2.29 -18.4 6.7
47725 1389     -11.88 4.76 -14.58 -0.03 -0.28 0.89 -0.8 0.04 -1.9 2.12 -17.35 6.01
47839 1386     -17.64 4.29 -24.21 -0.03 -0.23 0.94 -0.79 0 -1.91 1.83 -13.53 8.51
47953 1523     -21.13 7.47 -26.65 -0.03 -0.18 0.97 -0.78 0 -1.9 1.73 -10.66 8.34
48010 1460     -24.25 6.2 -26.48 -0.04 -0.18 0.95 -0.76 -0.02 -1.87 2.59 -11.03 9.92
48067 1524     -17.18 -1.79 -17.79 -0.05 -0.12 0.95 -0.76 -0.03 -1.88 2.8 -7.32 10.51
48124 1504     -14.62 3.8 -17.2 -0.09 -0.15 0.93 -0.77 -0.04 -1.9 5.5 -9 11.33
48182 1347     -9.01 6.86 -12.54 -0.1 -0.13 0.96 -0.78 -0.04 -1.95 6.08 -7.73 11.46
48295 1401     -22.79 12.25 -22.69 -0.06 -0.14 0.96 -0.79 -0.08 -1.99 3.27 -8.08 14.5
48353 1463     -21.59 11.86 -16.52 -0.09 -0.1 0.97 -0.77 -0.07 -1.96 5.02 -6.16 14.08
48409 1442     -12.49 1.7 -14.2 -0.06 -0.13 0.96 -0.76 -0.1 -1.96 3.77 -7.95 15.83
48524 1465     2.06 6.62 -7.85 -0.1 -0.16 0.96 -0.79 -0.09 -2.03 5.66 -9.18 14.9
48580 1276     4.83 4.16 0.06 -0.08 -0.17 0.99 -0.81 -0.09 -2.05 4.77 -9.8 14.94
48637 1425     3.07 -5.72 2.99 -0.07 -0.14 1.01 -0.85 -0.1 -2.13 4 -8.09 15.03
48751 1     -2.64 -1.57 3.7 -0.05 -0.06 0.98 -0.88 -0.09 -2.26 2.69 -3.61 14.36
  1373     8.01 -5.58 -2.48 -0.08 -0.1 0.95 -0.88 -0.1 -2.34 5.04 -6.29 14.97
48922 1447     9.27 -0.7 -5.26 -0.06 -0.13 0.93 -0.91 -0.08 -2.37 3.68 -7.92 13.5
48978 1307     7.47 0.75 -2.96 -0.07 -0.16 0.96 -0.93 -0.1 -2.4 4.23 -9.68 14.95
  1464     3.76 -0.68 -1.86 -0.05 -0.19 0.96 -0.95 -0.09 -2.42 2.96 -10.95 13.79
49093 1     -0.81 -0.66  -0.07 -0.19 0.98 -0.97 -0.08 -2.43 3.88 -10.95 13.37
49149 1286     -1.5 -3.67 0.38 -0.05 -0.2 0.96 -0.95 -0.08 -2.4 2.64 -11.94 13.41
49207 1407     -3.21 -4.48 -4.45 -0.1 -0.17 0.97 -0.96 -0.09 -2.42 5.89 -9.73 14.15
4926 1415     -2.21 -5.13 -6.22 -0.07 -0.16 0.96 -0.96 -0.09 -2.42 4 -9.76 14.19
49320 1359     0.46 -9.37 -5.37 -0.09 -0.15 0.97 -0.98 -0.09 -2.46 5.54 -9.03 14.08
49378 1419     0.67 -5.41 0.38 -0.1 -0.13 0.94 -1 -0.1 -2.47 6.13 -7.87 14.52
49434 1459     5.02 -5.5 4.84 -0.09 -0.17 0.92 -1.01 -0.1 -2.48 5.21 -10.43 14.27
49491 1238     5.63 -11.56 5.98 -0.1 -0.17 0.94 -1.02 -0.11 -2.51 6.03 -10.01 14.97
49549 1376     5.81 -1.78 10.61 -0.11 -0.2 0.91 -1.04 -0.09 -2.52 6.71 -12.47 13.61
49606 133     -0.03 0.44 7.39 -0.12 -0.18 0.93 -1.05 -0.1 -2.52 7.28 -11.11 14.09
49662 1326     1.88 5.15 10.24 -0.09 -0.17 0.93 -1.04 -0.09 -2.51 5.28 -10.63 13.48
49720 1423   2.7 -0.64 12.97 -0.08 -0.18 0.95 -1.02 -0.09 -2.48 4.89 -10.76 13.5
49777 1389     3.03 -7.56 13.55 -0.1 -0.17 0.99 -1.04 -0.09 -2.52 5.93 -9.47 13.73
49891 1579     -0.48 -8.57 3.86 -0.1 -0.15 0.96 -1.05 -0.07 -2.52 5.62 -9.08 12.59
49948 1398     -0.28 1.57 8.22 -0.12 -0.14 0.94 -1.05 -0.08 -2.52 7.38 -8.39 13.12
50062 1476     1.97 1.51 10.61 -0.17 -0.13 0.96 -1.07 -0.07 -2.55 9.86 -7.6 12.26
50119 1     2.77 -4.17 8.34 -0.14 -0.13 0.94 -1.07 -0.06 -2.55 8.3 -8.03 11.6
50176 1373     -0.92 -0.63 12.51 -0.2 -0.14 0.95 -1.07 -0.06 -2.56 11.69 -8.32 11.66
50233 1460     -1.47 -2.51 1.93 -0.16 -0.1 0.94 -1.08 -0.06 -2.57 9.55 -6.25 11.75
50289 1     -4.5 5.16 8.95 -0.17 -0.11 0.98 -1.07 -0.06 -2.55 9.9 -6.48 11.67
50347 1382     -3.82 3.7 5.3 -0.14 -0.06 0.94 -1.05 -0.08 -2.53 8.37 -3.87 13.13
50403 1331     2 2.55 0.68 -0.12 -0.06 0.99 -1.05 -0.07 -2.53 6.93 -3.38 12.25
50518 1398     -6.44 0.93 -4.1 -0.15 -0.1 0.95 -1.02 -0.06 -2.47 8.72 -5.71 11.98
50574 2     -12.5 2.67 -5.14 -0.18 -0.06 0.98 -1.01 -0.07 -2.44 10.39 -3.43 12.59
50688 1363     -6.53 -2.89 -3.99 -0.19 -0.04 0.94 -0.96 -0.08 -2.35 11.53 -2.55 13.19
50745 1380     -3.55 -0.67 -2.54 -0.19 -0.05 0.94 -0.95 -0.08 -2.33 11.63 -3.05 13.66
50802 1237     -2.89 -2.69 -7.15 -0.16 -0.07 0.91 -0.95 -0.08 -2.33 9.87 -4.33 13.58
50916 1405     -3.19 -6.34 -5.2 -0.14 -0.1 0.94 -0.98 -0.08 -2.36 8.64 -6.3 13.5
50973 1     -4.99 -1.92 -8.65 -0.15 -0.13 0.93 -0.97 -0.09 -2.35 9.07 -7.99 14.02
51030 1327     -4.09 -6.87 -7.68 -0.13 -0.13 0.96 -0.98 -0.09 -2.36 7.54 -7.75 13.88
51087 133     -1.68 -4.82 0.14 -0.14 -0.16 0.98 -1.01 -0.1 -2.37 8 -9.14 14.22
51143 1300     -0.25 -0.34 0.06 -0.08 -0.2 1 -1.02 -0.1 -2.39 4.64 -11.28 14.37
51201      -0.17 -0.44 5.28 -0.16 -0.2 0.98 -1.04 -0.12 -2.42 9.27 -11.73 15.34
51258 1393     -4.1 3.93 1.9 -0.15 -0.23 0.99 -1.06 -0.11 -2.45 8.57 -13.1 14.43
51314 1310     -14.62 -0.04 7.83 -0.13 -0.21 0.96 -1.07 -0.12 -2.45 7.52 -12.27 14.93
51372 1350     -20.51 -1.31 1.23 -0.13 -0.15 0.97 -1.1 -0.15 -2.51 7.34 -9.06 16.11
51429 1266   -12.54 11.69 17.15 -0.1 -0.19 0.92 -1.1 -0.16 -2.47 6.27 -11.81 16.72
51485 1     -1.51 2.79 14.78 -0.14 -0.21 0.97 -1.07 -0.16 -2.45 8.09 -12.26 16.86
51543 1318     -0.31 5.9 6.57 -0.13 -0.19 0.93 -1.07 -0.15 -2.43 7.52 -11.58 16.79
51600 1322     2.55 2.17 8.15 -0.16 -0.16 0.92 -1.08 -0.17 -2.43 9.51 -9.98 17.66
51656 1281     2.98 1.33 9.8 -0.13 -0.19 0.94 -1.09 -0.15 -2.45 7.6 -11.26 16.52
51714 1332     -3.09 2.07 5.99 -0.15 -0.17 0.94 -1.09 -0.16 -2.46 8.89 -10.13 16.86
51771 1207     1.23 -2.58 2.55 -0.14 -0.15 0.96 -1.09 -0.15 -2.47 8.1 -8.97 16.51
51827 1297     -0.7 -3.19 -2.14 -0.15 -0.14 0.96 -1.1 -0.15 -2.47 8.83 -8.21 16.26
51885 1374     -1.44 -2.2 -6.33 -0.14 -0.13 0.96 -1.1 -0.16 -2.46 8.07 -7.77 16.62
51942 1298     -0.33 -1.31 -6.92 -0.12 -0.14 0.95 -1.09 -0.15 -2.43 7.34 -8.13 16.59
52056 1327     3.4 3.25 -6.17 -0.14 -0.16 0.95 -1.08 -0.16 -2.43 8.03 -9.34 16.88
52169 1424     1.4 7.04 -5.16 -0.16 -0.14 0.95 -1.09 -0.17 -2.46 9.55 -8.39 17.35
52284 1365     5.5 5.4 -0.22 -0.15 -0.15 0.93 -1.08 -0.16 -2.43 8.91 -8.82 16.83
52340      2.49 6.88 0.22 -0.11 -0.14 0.93 -1.09 -0.15 -2.45 6.86 -8.33 16.63
52398 1336     5.07 0.19 2.56 -0.13 -0.16 0.94 -1.08 -0.15 -2.43 7.99 -9.88 16.36
52454 1298     -1.41 8.17 -4.65 -0.1 -0.15 0.98 -1.09 -0.15 -2.46 5.79 -8.99 16.4
52625 1405     -2.78 0.75 0.31 -0.08 -0.15 0.94 -1.05 -0.16 -2.4 5.08 -8.94 17.28
52682 1230     2.89 -1.01 0.31 -0.11 -0.17 0.94 -1.05 -0.15 -2.39 6.34 -10.52 16.93
52740 1396     2.66 2.71 -2.1 -0.09 -0.17 0.97 -1.06 -0.16 -2.4 5.42 -10.1 17.21
52796 1265     1.57 -0.81 5.61 -0.08 -0.21 0.94 -1.07 -0.15 -2.4 4.67 -12.47 16.73
52853 1399     -1.12 -0.74 5.87 -0.11 -0.21 0.97 -1.08 -0.18 -2.41 6.23 -12.13 17.88
52967 1390     2.13 0.47 3.96 -0.08 -0.19 0.95 -1.05 -0.15 -2.37 4.49 -11.22 16.86
53024 1323     4.4 -6.48 8.2 -0.08 -0.18 0.99 -1.06 -0.15 -2.38 4.61 -10.46 16.65
53082 1244     2.75 12.69 5.76 -0.09 -0.16 0.96 -1.06 -0.15 -2.38 5 -9.61 16.8
53138 1     13.44 -1.86 9.96 -0.08 -0.15 0.96 -1.04 -0.14 -2.36 4.67 -8.89 16.42
53195 1292     11.18 12.06 4.23 -0.1 -0.15 0.99 -1.06 -0.13 -2.37 5.95 -8.44 15.47
53253 1324     11.63 1.69 11.21 -0.05 -0.17 0.97 -1.05 -0.13 -2.38 2.64 -10.08 15.64
53309 1483     7.72 5.7 17.07 -0.08 -0.19 0.97 -1.08 -0.13 -2.41 4.57 -11.04 15.19
53366 1410   8.13 -8.34 13.34 -0.06 -0.22 0.95 -1.06 -0.12 -2.4 3.69 -12.89 14.78
53424 1278     3.67 -9.31 9.97 -0.1 -0.2 0.98 -1.1 -0.12 -2.45 5.91 -11.68 14.71
53481 1423     -5.03 -2.35 7.59 -0.1 -0.23 0.91 -1.09 -0.1 -2.43 5.79 -14.01 13.91
53 1380     -4.38 -2.54 8.67 -0.13 -0.2 0.93 -1.11 -0.11 -2.46 8.05 -12.33 14.44
53595 1413     -2.69 8.56 1.23 -0.11 -0.18 0.91 -1.09 -0.1 -2.44 6.87 -11.06 13.6
53652 1310     0.04 3.37 7.21 -0.17 -0.14 0.93 -1.08 -0.12 -2.44 10.14 -8.7 14.9
53708 1419     5.76 6.52 8.93 -0.09 -0.16 0.92 -1.09 -0.1 -2.45 5.64 -9.62 13.98
53766 1387   2.01 1.69 5.17 -0.11 -0.16 0.96 -1.1 -0.1 -2.46 6.36 -9.5 13.6
53822 1388     -4.3 4.02 3.89 -0.12 -0.15 0.95 -1.1 -0.09 -2.48 6.92 -8.68 13.47
53879 1273     -2.87 6.34 0.5 -0.08 -0.15 0.94 -1.1 -0.1 -2.47 4.74 -9.04 13.86
53937 1365     -0.95 4.73 -1.53 -0.09 -0.15 0.98 -1.11 -0.1 -2.48 5.09 -8.81 13.74
53993 1346    0.76 7.06 -1.24 -0.07 -0.17 0.95 -1.1 -0.11 -2.48 4.18 -10.11 14.14
54050 1413     0.98 3.25 1.01 -0.08 -0.19 0.96 -1.1 -0.1 -2.49 4.66 -10.97 13.82
54164 1384     1.38 3.97 0.57 -0.03 -0.16 0.96 -1.11 -0.12 -2.5 1.89 -9.21 14.52
54221 1380     -0.06 8.65 1.59 -0.03 -0.15 0.96 -1.11 -0.12 -2.5 2.03 -8.9 14.89
1420      0.92 3.37 1.29 -0.04 -0.14 0.97 -1.11 -0.1 -2.5 2.16 -8.28 13.98
54335 1156    -0.5 3.86 2.34 -0.02 -0.14 0.95 -1.11 -0.1 -2.51 1.17 -8.21 13.68
54392 1     -0.22 -2.08 3.24 -0.03 -0.17 0.95 -1.1 -0.1 -2.5 1.91 -10.09 13.87
54449 1391     -4.16 -1.14 0.96 -0.04 -0.18 0.95 -1.1 -0.12 -2.5 2.46 -10.49 14.95
54506 1321     -6.3 -1.87 -0.44 -0.03 -0.18 0.95 -1.1 -0.09 -2.5 2.06 -10.59 13.49
54563 1338     -10.17 -5.71 -3.06 -0.06 -0.16 0.97 -1.11 -0.1 -2.51 3.52 -9.51 13.7
54620 1303     -17.67 2.64 0.56 -0.03 -0.18 0.97 -1.11 -0.12 -2.52 2.03 -10.38 14.56
54677 1306     -11.6 0.52 -1.12 -0.09 -0.18 0.96 -1.1 -0.12 -2.51 5.12 -10.68 14.61
54734 1402     -8.59 2.03 -9.43 -0.08 -0.15 0.97 -1.1 -0.12 -2.51 4.75 -8.74 14.85
54791 1389     -5.89 0.68 -16.33 -0.06 -0.12 0.95 -1.1 -0.14 -2.51 3.47 -7.41 15.68
54848 1373     -4.87 1.11 -15.32 -0.07 -0.14 0.96 -1.1 -0.15 -2.52 4.06 -8.14 16.32
54905 1418    -5.01 3.31 -13.79 -0.05 -0.14 0.95 -1.11 -0.12 -2.51 3.23 -8.32 14.94
54962 1332     -3.68 -4.1 -13.1 -0.1 -0.16 0.96 -1.11 -0.13 -2.52 6.03 -9.21 15.2
55019 1354     -0.63 4.66 -16.01 -0.09 -0.15 0.92 -1.11 -0.14 -2.52 5.21 -9.42 15.88
 1323     4.59 -4.64 -15.45 -0.07 -0.16 0.93 -1.11 -0.14 -2.52 4.51 -9.7 15.87
55190 1438     -3.26 -4.27 -13.93 -0.08 -0.14 0.96 -1.13 -0.15 -2.54 4.83 -8.5 16.38
55247      -12.89 3.48 -10.27 0.02 -0.16 0.93 -1.15 -0.16 -2.55 -1.1 -9.6 16.29
55305 1265     -8.1 3.98 -3.4 -0.02 -0.18 0.94 -1.13 -0.18 -2.53 1.28 -10.9 17.58
55361 1307     -9.08 3.89 -5.11 0.02 -0.17 0.99 -1.13 -0.16 -2.54 -0.86 -9.9 16.87
55418 1291     -4.99 3.76 4.01 0.02 -0.2 1 -1.12 -0.2 -2.54 -1.22 -11.38 18.48
55476 1     -1.25 -4.8 3.9 -0.01 -0.18 0.99 -1.13 -0.18 -2.54 0.31 -10.31 17.7
55532 1425     -1.2 -2.83 8.26 0 -0.17 0.98 -1.13 -0.17 -2.53 -0.23 -10.04 17.24
55589 1451     -4.59 -4.93 9.56 0 -0.18 0.98 -1.13 -0.17 -2.52 -0.15 -10.26 17.08
55647 1357     -7.04 -3.62 15.57 0.01 -0.14 0.95 -1.12 -0.18 -2.52 -0.53 -8.22 17.88
55703 1350     -1.52 -5.34 22.12 -0.01 -0.17 0.92 -1.12 -0.17 -2.5 0.7 -10.23 17.13
55760 1362     -4.19 1.96 10.19 -0.01 -0.13 0.91 -1.12 -0.17 -2.52 0.36 -8.33 17.31
55818 1320     -4.64 5.36 9.17 -0.01 -0.13 0.97 -1.13 -0.18 -2.54 0.69 -7.33 17.44
55875 1237     -3.35 6.68 1.73 0.03 -0.13 0.93 -1.13 -0.17 -2.54 -1.95 -7.75 17.17
55931 1253     5.86 9.63 8.64 -0.07 -0.13 0.95 -1.12 -0.18 -2.53 3.97 -7.5 17.56
55989 1395     9.36 6.41 1.67 -0.05 -0.15 0.97 -1.13 -0.18 -2.54 2.8 -8.71 17.6
56102 1234     11.07 2.94 7.6 -0.05 -0.18 0.97 -1.13 -0.16 -2.55 2.97 -10.57 16.39
56160 1396     2.32 2.87 7.63 -0.05 -0.19 0.96 -1.14 -0.16 -2.56 2.85 -11.36 16.67
56217 1     1.11 1.81 5.36 -0.07 -0.2 0.96 -1.13 -0.16 -2.56 4.09 -11.6 16.79
56273 1523     2.14 -2.59 3.22 -0.03 -0.22 0.98 -1.14 -0.14 -2.56 1.65 -12.58 15.77
56331 1197     5.06 -6.4 2.44 -0.07 -0.21 0.96 -1.14 -0.14 -2.56 3.87 -12.24 15.38
56387 1445     10.28 -6.08 3.93 -0.05 -0.23 0.95 -1.15 -0.13 -2.55 2.97 -13.4 15.14
56444 1     7.52 -3.61 9.75 -0.08 -0.25 0.94 -1.15 -0.13 -2.56 4.83 -14.67 15.03
56502 1246     8.09 -11.63 2.6 -0.11 -0.25 0.92 -1.15 -0.12 -2.56 6.64 -15.1 14.71
56558 1343     2.35 -3.05 2.26 -0.05 -0.25 0.9 -1.16 -0.12 -2.54 3.07 -15.22 14.68
56615 1474     -4.21 -2.42 -4.76 -0.07 -0.23 0.9 -1.16 -0.13 -2.54 4.6 -14.18 14.85
56673      -3.88 5.23 -1.39 -0.04 -0.24 0.9 -1.15 -0.13 -2.53 2.49 -14.78 15.01
56729 1354     -2.27 -3.36 -7.32 -0.05 -0.24 0.96 -1.16 -0.12 -2.54 3.04 -13.91 14.55
56786 1271     -4.58 -3.04 -4.24 -0.05 -0.25 0.95 -1.16 -0.13 -2.54 2.85 -14.82 15.01
56844 1399     -0.77 2.01 -7.37 -0.07 -0.23 0.95 -1.16 -0.13 -2.55 4.12 -13.43 15.12
56901       3.78 2.95 -2.63 -0.04 -0.24 0.96 -1.16 -0.12 -2.55 2.27 -14.33 14.62
56957 1325     5.19 3.47 -4.24 -0.06 -0.25 0.95 -1.16 -0.12 -2.55 3.66 -14.53 14.43
57015 1479     4.54 7.68 -7.14 -0.05 -0.25 0.94 -1.16 -0.12 -2.54 2.67 -15.18 14.57
57072 1434     0.48 4.98 -11.23 -0.07 -0.25 0.98 -1.15 -0.12 -2.54 3.89 -14.33 14.76
57128 1399     1.13 4.35 -10.04 -0.02 -0.22 0.93 -1.13 -0.13 -2.52 1.34 -13.43 15.21
57186 1     11.01 -4.01 -9.79 -0.08 -0.21 0.97 -1.14 -0.13 -2.52 4.74 -12.09 15.3
57299 1161     18.46 -6.43 -6.12 -0.1 -0.24 0.95 -1.16 -0.12 -2.53 5.69 -14.33 14.61
57357 1395     4.22 5.5 -3.96 -0.03 -0.25 0.94 -1.17 -0.11 -2.53 1.61 -14.71 14.09
  1513     0.81 4.38 -1.52 -0.09 -0.18 0.95 -1.15 -0.1 -2.53 5.32 -10.6 13.74
57528 1380     7.32 0.73 1.81 -0.08 -0.18 0.94 -1.16 -0.11 -2.53 4.74 -10.63 13.86
57585 1329     3.1 -1.77 5.09 -0.08 -0.22 0.93 -1.16 -0.11 -2.54 4.9 -13.12 13.8
57643 1322     0.97 -0.71 6.04 -0.08 -0.22 0.91 -1.16 -0.1 -2.54 4.69 -13.55 13.51
57699 1425    -3.5 0.8 11.08 -0.09 -0.25 0.92 -1.16 -0.09 -2.54 5.49 -15.39 13.11
57756 1553     -3.48 1.78 12.06 -0.06 -0.26 0.93 -1.15 -0.1 -2.53 3.57 -15.75 13.59
57814 1     0.65 -1.2 15.35 -0.06 -0.28 0.92 -1.15 -0.09 -2.53 3.49 -16.9 13.23
57870 1412     -2.4 -2.86 10.2 -0.06 -0.27 0.94 -1.15 -0.1 -2.53 3.73 -16.11 13.6
57927 1363     -4.85 -8.12 13.99 -0.03 -0.28 0.93 -1.14 -0.1 -2.53 1.61 -16.99 13.56
57985 1488     -7.29 -6.12 14.33 -0.04 -0.27 0.91 -1.14 -0.11 -2.53 2.57 -16.54 14.2
58041 1   -5.01 -5.42 11.9 -0.02 -0.26 0.92 -1.14 -0.09 -2.52 1.32 -15.8 13.09
58098 1396     -7.27 -4.03 12.92 -0.01 -0.27 0.92 -1.14 -0.09 -2.52 0.71 -16.07 13.15
58156 2     -6.89 -3.12 4.03 0.01 -0.25 0.94 -1.13 -0.1 -2.52 -0.84 -15.12 13.54
58212 1356     -9.88 -2.31 3.44 0.05 -0.24 0.93 -1.13 -0.12 -2.52 -3.24 -14.66 14.42
58269 1   -6.19 -3.35 -2.23 0.05 -0.23 0.94 -1.13 -0.1 -2.51 -3.12 -13.82 13.64
58327 1504     -8.21 2.3 -6.39 0.07 -0.23 0.95 -1.14 -0.1 -2.52 -3.81 -13.58 13.62
58383 1367    -5.31 7.71 -8.23 0.07 -0.23 0.94 -1.13 -0.11 -2.52 -4.39 -13.8 13.98
58440 1410     -0.8 7.97 -8.42 0.04 -0.24 0.97 -1.13 -0.11 -2.52 -2.16 -13.91 14.05
58498 1     0.67 6.77 -12.28 0.03 -0.24 0.96 -1.14 -0.12 -2.53 -2.02 -14.07 14.41
58554 1384     -0.22 4.58 -9 0.02 -0.25 0.95 -1.13 -0.13 -2.54 -1.11 -14.56 15.38
58611 13     1.13 3.81 -12.19 0.02 -0.24 0.94 -1.14 -0.12 -2.54 -1.06 -14.14 14.55
58669 1379     -2.24 7.12 -9.3 0.03 -0.25 0.94 -1.14 -0.11 -2.54 -1.51 -14.68 14.02
58725 1403     -3.27 6.78 -9.19 0.01 -0.24 0.95 -1.14 -0.11 -2.54 -0.77 -14.06 14.29
58782 1399     2.79 7.07 -2.81 0.02 -0.26 0.95 -1.14 -0.13 -2.55 -1.05 -15.45 14.92
58840       -2.66 7.82 -7.17 -0.03 -0.24 0.95 -1.15 -0.11 -2.55 1.91 -14.46 14.08
58896 1320     3.33 2.66 2.47 -0.01 -0.23 0.92 -1.15 -0.12 -2.56 0.85 -14.14 14.33
59011 1507     -0.9 7.74 0.83 -0.07 -0.21 0.91 -1.14 -0.12 -2.56 4.46 -12.69 14.36
59067 1414     2.61 6.62 1.05 -0.06 -0.24 0.93 -1.14 -0.12 -2.56 3.3 -14.3 14.44
59124 1302     1.07 8.08 4.66 -0.06 -0.23 0.94 -1.15 -0.11 -2.56 3.69 -13.97 14.18
59182 1435     2.35 -0.4 2.67 -0.07 -0.24 0.94 -1.14 -0.11 -2.56 4.16 -14.5 13.93
59238 1510     -5.07 3.82 1.64 -0.08 -0.25 0.94 -1.15 -0.1 -2.57 4.61 -14.87 13.5
59295 1441     -9.27 1.79 0.05 -0.03 -0.23 0.93 -1.14 -0.11 -2.58 1.94 -13.78 14
59353 1433    -1.35 -2.93 4.06 -0.05 -0.24 0.95 -1.14 -0.12 -2.56 2.65 -14.42 14.67
59409 1     2.59 -5.39 -0.52 -0.05 -0.23 0.92 -1.15 -0.1 -2.56 3.05 -14.21 13.34
59466 1406     4.39 -3.96 -2.69 -0.05 -0.26 0.94 -1.16 -0.1 -2.57 3.16 -15.53 13.44
59523 1598     -3.57 -3.86 -5.34 -0.04 -0.24 0.97 -1.17 -0.11 -2.58 2.48 -13.99 13.82
59580      -1.56 -4.26 0.11 -0.02 -0.24 0.94 -1.17 -0.1 -2.58 1.37 -14.54 13.56
59637 1     -0.4 -5.57 -6.38 -0.08 -0.24 0.95 -1.18 -0.09 -2.57 4.45 -14.48 13.14
59694 1304     -1.05 -4.83 -3.57 -0.07 -0.23 0.93 -1.18 -0.1 -2.58 3.93 -13.76 13.53
59751 1     0.44 -9.25 1.6 -0.11 -0.24 0.93 -1.19 -0.1 -2.57 6.31 -14.49 13.29
59808 1299     0.17 -2.56 4.82 -0.11 -0.23 0.91 -1.19 -0.1 -2.58 6.6 -14.43 13.36
59865 1273     -4.19 -5.39 1.97 -0.1 -0.25 0.93 -1.19 -0.1 -2.58 5.79 -15.15 13.31
59922 1436     -9.25 -2.81 4.26 -0.08 -0.23 0.94 -1.2 -0.1 -2.59 4.91 -13.99 13.29
59979 1400     -6.58 -3.21 5.69 -0.08 -0.22 0.95 -1.2 -0.1 -2.58 4.45 -13.23 13.38
60093 1393     -5.73 -3.07 6.13 -0.1 -0.21 0.93 -1.2 -0.1 -2.59 6.05 -12.52 13.54
60150 1396     -6.93 -5.21 9.39 -0.15 -0.21 0.92 -1.2 -0.12 -2.6 8.73 -12.59 14.38
60207 1463     -9.63 -5.61 7.29 -0.13 -0.2 0.96 -1.21 -0.1 -2.6 7.61 -11.83 13.31
60264 1256     -10.25 -4.03 13.81 -0.1 -0.18 0.97 -1.21 -0.11 -2.6 5.77 -10.78 13.69
60321 1346     -5 -3.33 12.85 -0.12 -0.18 0.97 -1.2 -0.1 -2.6 6.88 -10.34 13.52
60379       -1.93 -3.24 13.35 -0.11 -0.17 0.97 -1.2 -0.11 -2.59 6.57 -10.06 13.69
60435 1447     -2.46 1.73 12.63 -0.15 -0.18 0.98 -1.21 -0.1 -2.59 8.57 -10.34 13.49
60492 1383   -2.48 -0.85 15.99 -0.12 -0.18 0.94 -1.2 -0.11 -2.6 7.24 -10.74 13.64
60550 1520     -0.81 4.64 17.09 -0.21 -0.18 0.94 -1.2 -0.1 -2.6 12.17 -10.65 13.58
60663 1231     -5.22 5.75 7.58 -0.12 -0.15 0.93 -1.21 -0.1 -2.61 7.26 -8.97 13.18
60721 1350     0.81 0.01 3.57 -0.07 -0.13 0.92 -1.2 -0.11 -2.61 4.33 -7.96 13.68
60834 1404     0.1 1.92 -9.13 -0.04 -0.16 0.91 -1.2 -0.11 -2.61 2.36 -10.06 13.81
60892 1347     -0.11 1.37 -14.15 -0.04 -0.18 0.95 -1.2 -0.11 -2.6 2.13 -10.81 14.03
60948 1347     -7.34 -3.53 -13.61 0.01 -0.2 0.93 -1.21 -0.12 -2.62 -0.76 -12.43 14.27
61063 1580     -4.23 4.01 -21.33 -0.01 -0.21 0.96 -1.21 -0.14 -2.61 0.36 -12.35 15.03
61120 1242     -9.67 0.98 -20.39 -0.03 -0.21 1.01 -1.22 -0.17 -2.63 1.54 -11.63 16.38
61176 1254     -14.75 6.1 -10.18 0 -0.2 0.97 -1.22 -0.16 -2.63 0.09 -11.43 16.23
61234 1282     -5.46 6.87 -11.01 -0.01 -0.24 0.97 -1.22 -0.16 -2.63 0.42 -13.75 15.87
61291 2     -7.6 -1.2 -8.4 0.01 -0.22 0.95 -1.22 -0.17 -2.65 -0.47 -13.2 16.52
61347 1311    -2.63 11.78 -6.74 -0.04 -0.22 0.93 -1.22 -0.18 -2.65 2.64 -13.4 16.81
61405 1431     -5.07 3.24 -1.97 0.02 -0.2 0.96 -1.22 -0.18 -2.67 -1.11 -11.78 16.96
61462 1216     -0.39 19.03 -0.75 -0.09 -0.19 0.95 -1.22 -0.18 -2.68 5.33 -11.41 17.03
61519 1329     -10.74 10.95 -11.06 0.03 -0.2 1.01 -1.21 -0.18 -2.67 -1.64 -11.01 17.28
61576 1353     -5.42 7.78 -5.62 -0.03 -0.13 0.93 -1.17 -0.19 -2.64 2.04 -8.18 17.8
61633 1239     3.61 4.76 -10.09 -0.02 -0.12 0.98 -1.17 -0.2 -2.64 1.31 -6.87 18.08
61747 1232     0.49 6.82 -5.88 -0.03 -0.17 0.95 -1.18 -0.2 -2.66 1.82 -10.06 18.27
61804      7.19 3.55 -2.56 -0.01 -0.16 0.96 -1.19 -0.2 -2.66 0.61 -9.75 18.23
61861 1254     4.33 10.76 -6.74 -0.04 -0.17 1.02 -1.19 -0.21 -2.67 2.45 -9.35 18.37
61918 1229     8.71 -4.12 4.02 0.05 -0.18 0.94 -1.21 -0.2 -2.69 -2.9 -10.96 17.83
61975      1.53 -2.51 2.91 -0.05 -0.21 1.03 -1.22 -0.18 -2.7 2.6 -11.82 17.12
62032 1344     0.81 -7.82 3.89 -0.01 -0.14 0.9 -1.22 -0.19 -2.7 0.85 -9.02 17.24
62089       -5.32 6.21 7.17 -0.07 -0.21 0.96 -1.22 -0.18 -2.7 4.25 -12.47 17.05