0 0 0 0 0 0 0 -0.00883597 -0.161346 0.114682 2.30852 3.78365 3.12977
0 0.0003001 0.0079888 0.000844 0.206493 -0.124526 0.0120828 -0.221398 -0.267888 0.849085 6.85662 4.09242 5.33775
0.066667 0.0003344 0.0076951 0.0003635 0.0912483 -0.0359437 9.83333 -1.30667 0.205301 -2.56393 19.1157 3.49963 -6.70095
0 0.0005649 0.0155845 0.0006752 2.23106 -3.94147 10.1333 0.129123 0.271021 0.276784 17.0264 3.9625 -3.07252
0 0.0017966 0.0350595 -0.0064081 4.93299 -4.86601 -12.3616 0.0477673 0.145934 0.234403 19.2303 3.93255 -3.06083
0 0.0008466 10.4 0.0008115 4.09006 -4.19851 -9.75998 0.00700132 0.367737 0.0378459 5.747 4.25419 0.309061
0 0.0008507 10.7333 0.0009303 3.92184 -4.1565 -8.23605 -0.394098 0.269695 0.27416 -12.2192 4.60078 4.47988
0 -0.0275346 0.0158602 0.100196 -0.537782 11.0667 5.06535 0.415665 0.463005 -0.143535 9.94916 3.44232 4.26272
0 -0.0336684 0.0196932 0.135454 1.13119 -3.08476 2.94387 -0.0370052 -0.156485 0.926887 -13.8063 2.71138 6.96276
0 11.4333 0.0044483 0.035046 1.16387 -4.80886 -0.595344 -0.354795 0.200932 1.29017 -30.2481 0.279875 11.228
0 0.0042573 0.0067316 0.0540511 1.20466 -8.16848 0.676622 -0.0732952 0.282135 0.311679 -33.854 0.335782 8.68393
0 0.0054576 0.0042702 0.0653486 3.82436 -7.26514 1.09562 0.252306 -0.0488493 -0.079393 -25.4293 0.522009 8.1209
0 0.0056729 0.0028422 0.0695122 3.74834 -7.02722 1.98397 0.0733389 0.0924478 0.674029 -14.3981 -1.07572 6.99264
0 0.0022411 -0.0022866 0.113927 1.71454 0.523164 -0.926699 0.817339 1.82402 0.992602 36.9893 7.24391 6.02058
0 0.0010326 -0.00109 0.147233 -0.956908 0.169809 0.031723 -0.041733 -0.0471801 0.695049 53.5231 6.76935 5.2699
0 0.00043 -0.0017216 0.163958 -0.783482 0.136083 -0.0298655 0.281193 0.282398 1.11829 55.2933 5.93108 4.88091
0 -0.0007737 -0.0025147 0.179222 -0.35517 1.28442 -0.447023 0.183475 0.126054 1.416 62.0452 7.1887 5.43628
0 -0.0013922 -0.0089486 0.195569 0.0813014 4.55653 -0.129063 0.43604 0.0791058 1.02777 70.2828 8.54774 6.91748
0 0.0232854 -0.0247998 0.284299 1.87838 21.9942 4.43316 -0.034632 0.652247 0.671167 101.421 3.95583 9.70336
0 0.0318463 -0.0302301 0.288573 1.44413 25.3378 5.32479 0.308115 0.384766 2.77486 103.293 4.75445 8.82074
0 0.0392248 -0.0296658 0.304909 2.6616 22.5335 5.68708 0.122366 -0.153172 2.15807 102.092 5.29349 5.02788
0 0.0484683 -0.0328347 0.323468 5.43508 22.8586 7.4126 0.119934 -0.51515 2.21909 103.742 7.56416 5.43351
0 0.0533177 -0.0334871 0.334309 4.79178 25.2736 4.96655 0.330272 -0.54997 2.75523 107.585 5.56686 4.98004
0.9 0.0591607 -0.0341197 0.34546 3.1166 27.1225 3.65848 0.18674 -0.162602 3.29791 112.033 5.2449 3.05328
0 0.0638083 -0.0376521 0.357425 2.61835 26.9701 4.20311 0.45115 -0.0599833 3.30782 117.424 4.62418 3.94169
0 0.0709295 -0.0372413 0.375144 2.71383 23.5958 3.37792 0.597983 -0.432076 2.73397 117.108 3.57966 3.31016
0 0.084673 -0.0406842 0.398944 5.06666 28.2675 3.32264 0.0207768 -0.0872971 3.15166 120.529 6.50584 5.25452
0 0.0932511 -0.0426197 0.406529 7.9826 29.7893 4.67528 0.896222 -0.710816 3.52825 106.839 1.08215 3.95648
0 0.0990254 -0.0451939 0.4255 6.936 24.2727 3.34669 0.163965 -0.127288 3.32494 89.5162 2.34039 2.87077
0 0.105763 -0.0513561 0.447702 8.90392 17.5578 1.14245 0.59404 -0.419065 3.81608 85.3152 2.83816 4.78099
0 0.102954 -0.0548257 0.460579 8.54675 16.3148 0.16929 0.904311 -0.471533 3.94001 68.2965 1.02636 2.61099
0 0.103531 -0.0554574 0.474093 8.68573 14.3761 -0.0114932 0.569649 -0.582926 3.96005 37.8108 2.40812 5.24765
