0.066667 0 0 0 0 0 0 -0.00609829 -0.0543409 0.0342145 -0.0537822 3.06663 -0.0277946
0.9 0.0003001 0.0079888 0.000844 0.206493 -0.124526 0.0120828 0.000435439 -0.00205897 0.0364915 -3.2963 3.81772 3.20946
8.03333 0.0003344 0.0076951 0.0003635 0.0912483 -0.0359437 -0.0334435 0.0411844 0.0695905 0.0110196 2.60921 3.17856 -2.67413
8.26667 0.0005649 0.0155845 0.0006752 2.23106 -3.94147 -14.4873 -0.0170695 0.00624804 -0.0217878 2.81895 3.5795 -2.93399
8.4 0.0017966 0.0350595 -0.0064081 4.93299 -4.86601 -12.3616 -0.0312604 0.186045 -0.0490391 2.60317 4.01816 -2.71478
8.6 0.0008466 0.0304077 0.0008115 4.09006 -4.19851 -9.75998 0.00690377 0.202182 0.0390958 0.0879267 5.03713 -0.152427
8.8 0.0008507 0.0305552 0.0009303 3.92184 -4.1565 -8.23605 0.0533822 0.239517 0.00893 -3.55433 4.7904 3.48585
9.83333 -0.0275346 0.0158602 0.100196 -0.537782 -5.44458 5.06535 -0.142246 0.177566 0.593681 -3.55293 4.20529 3.43408
10.1333 -0.0336684 0.0196932 0.135454 1.13119 -3.08476 2.94387 -0.254387 0.110304 0.9006 -4.92919 3.21591 4.77886
10.4 0.0064139 0.0044483 0.035046 1.16387 -4.80886 -0.595344 -0.100591 0.125453 0.534169 -9.69925 1.72369 9.4775
10.7333 0.0042573 0.0067316 0.0540511 1.20466 -8.16848 0.676622 0.00563666 0.0827414 0.507675 -9.01064 1.09571 8.82119
11.0667 0.0054576 0.0042702 0.0653486 3.82436 -7.26514 1.09562 -0.0240163 0.0496816 0.573153 -6.41399 -0.035964 6.21305
11.4333 0.0056729 0.0028422 0.0695122 3.74834 -7.02722 1.98397 0.0154773 -0.00814474 0.612591 -7.00438 -0.649251 6.84203
12.9667 0.0022411 -0.0022866 0.113927 1.71454 0.523164 -0.926699 0.0184047 0.0284875 0.826452 -6.60388 3.84506 6.52026
13.7333 0.0010326 -0.00109 0.147233 -0.956908 0.169809 0.031723 0.0175197 0.00740909 1.09398 -6.10554 5.66243 5.91409
14.1 0.00043 -0.0017216 0.163958 -0.783482 0.136083 -0.0298655 0.0444763 0.0316352 1.25085 -5.62014 5.7139 5.46564
14.5 -0.0007737 -0.0025147 0.179222 -0.35517 1.28442 -0.447023 0.0425574 -0.110238 1.47067 -6.24937 6.78997 6.08236
14.9 -0.0013922 -0.0089486 0.195569 0.0813014 4.55653 -0.129063 -0.0132194 -0.0278838 1.62408 -6.5351 7.6979 6.42897
17.4 0.0232854 -0.0247998 0.284299 1.87838 21.9942 4.43316 0.138362 -0.146169 2.0785 -8.91452 4.59653 8.78803
17.7333 0.0318463 -0.0302301 0.288573 1.44413 25.3378 5.32479 0.205503 -0.168672 2.29622 -9.86826 5.6548 9.71307
18.2667 0.0392248 -0.0296658 0.304909 2.6616 22.5335 5.68708 0.330305 -0.199361 2.5055 -6.58591 5.65169 6.52639
18.9 0.0484683 -0.0328347 0.323468 5.43508 22.8586 7.4126 0.383464 -0.287902 2.71958 -5.77774 6.71394 5.69176
19.2 0.0533177 -0.0334871 0.334309 4.79178 25.2736 4.96655 0.355267 -0.263863 2.88938 -4.98441 5.80116 4.86067
19.5333 0.0591607 -0.0341197 0.34546 3.1166 27.1225 3.65848 0.364993 -0.318631 2.91252 -2.56919 5.66899 2.46433
19.8333 0.0638083 -0.0376521 0.357425 2.61835 26.9701 4.20311 0.552499 -0.338601 2.94915 -3.52733 4.55712 3.33139
20.1667 0.0709295 -0.0372413 0.375144 2.71383 23.5958 3.37792 0.577754 -0.279145 3.1572 -3.09975 4.96509 2.95702
20.6 0.084673 -0.0406842 0.398944 5.06666 28.2675 3.32264 0.674928 -0.304925 3.30202 -4.4477 5.84069 4.3106
20.9 0.0932511 -0.0426197 0.406529 7.9826 29.7893 4.67528 0.802891 -0.3069 3.36524 -4.35408 2.73187 4.14475
21.2 0.0990254 -0.0451939 0.4255 6.936 24.2727 3.34669 0.807939 -0.386354 3.6065 -3.88358 2.73186 3.60911
21.6 0.105763 -0.0513561 0.447702 8.90392 17.5578 1.14245 0.795188 -0.385566 3.72906 -5.15935 2.87947 5.01373
21.8667 0.102954 -0.0548257 0.460579 8.54675 16.3148 0.16929 0.837518 -0.443843 3.80771 -3.52463 1.80829 3.33358
22.1667 0.103531 -0.0554574 0.474093 8.68573 14.3761 -0.0114932 0.87313 -0.446592 4.02066 -4.94874 2.52421 4.71396
